Best accuracy obtained :0.736576
Final cuts :
averageInteractionsPerCrossing : 38.9249
                        p_Rhad : 0.05993
                       p_Rhad1 : 0.0704953
           p_TRTTrackOccupancy : 0.468433
                p_topoetcone40 : 4.96027
            p_eTileGap3Cluster : 0.391874
                  p_phiModCalo : 1.51578e-05
                  p_etaModCalo : 0.0125259

Number of settings:     6561
Elapsed time      :   0.5613
task time [mus]   :    85.55
